EMEND. ΗΕΒΥΟΗ.

1111112421... ixi. 538. 12299.
81281211 11. 1.60

1121111 11. 29. 73.
1121112111. 395. 11. 251.
821241· 11. ..39

1112218211. 137.160.
ffimm.nmmss
Χ2181281112111.500.
Χ117212·14223’ 11. 90
8111211247· 11. 22.
11112118· 22122 11. 56.
xmo« 11. 61.
8117148821ῐί 305.
8811115111. 416.’ 11. 92.
8817181111. 4524
8171147111268
8117248 af 111. 478.
12.111,229.
81141271 1.11 136.
8118222111. ,²²3⁸
81128111. 471.
’ 8111822 111151.
Χλ212 111. 233.
88818 187181 ’111.487. -
882141· 111. 302. 557.
8041785111. 302.
811112. 111. 522.
88811 11. 181.
88111. 283. 4
81211111. 1114391554.
88112181. 11. 99.
8887112711.117 v
8881111141·
8885811221 11. 9.

12111111
117222124221 11. 257.
2741122 2111 428.
8848181188· 418
367122 111. 131.
11172211 ...540 11. 131.
xmp& 111214.
2224192111. 51.
1144129414 11. 132.
8111888111

Ἰ.

721111ζ111 11. 36.
’1111115 111. 367.
ἱᾶλοι iii³ 395.

, 1867171111 111. 454.

1219248 11.·257.
11. 111. 320. ’

11812 iii. 406.

’ 111125 11. 257.
, *1¹23ro iv. 188.
. ’1117411 111. 503.

mia 11. 63.

811121 11. 294.

1112112 111. 536. ι

1117427 111. 345. 11. 232.
18612 111. 547.

112941 111882 111. 361.

88 8718 88· 54„-

Ὶ1147424414741·111. 36511. 324.
867442. 111506.

1117112111. 311.

Ω.

Hm 111. 395.

Ωγμος 11. 106.

11728712 111. 505.

1881 111. 253.

nwnw.m.
11721822 11. 197.

11μό12211. 329.

Ω 291λ11724111 111. 516.

 

