1464191 1111. 779.
Μ64μ4111.4126.
1194426411 111. 726.
9911
Μόσχιυ 411114· 11. 72,
1141441114. 111, 481.
1161171411, 72,
1141741191 11. 71,
Μ1’σχ14111.276,
Μ114111,277,

Μῦνας 111, 412.
1119111119 11. 162.

Μ41411 ibid.

Μ’λη 111, 747 719.
Μόλλκ 111. ..736
Μ141χ1111“111..479.
1114411114 iv. 178. ..179
11144111111411140,

11

ΜΜΜ·Μ11
1111141· 111, ,7.74
Mona. iii. 63}

1114411111, 779.
14111111114411, 289.

1111111111. 111. 494.
Nu 4119411, ,197,
1111111111799.
141111167.

N.

1161 119117 111, 277,
Naba 11, 68,
1111111417““111.4ο4,

Ν4491111111Π1 111, 3 7611, 89.

1111111711· 27
1111111 iii. ,⁵²3·

11111... iv 99.
11111111,17ο.

1111119411111. 171.

1111111111 111, ,449 11, 149,

· 1111111111 iii. 295.

1119911 11. 76,
1114111 111. Ι..494
1111111111“ 111. 1177.
¹³¹ ¹⁸⁰⁵ ιν·11···279
1111111111,147.
111141 11. 197,

N 141191111“ 11. 296.
111 1411111141ι 11. 262.

11.-1111111. 777.
111111111 111, ,4.77

1111141111 111, ,772,
11191111114421,11.797,
11111111 111, 777. ·
1111111111ἰί..497
1111114111.279.

4 11194111, ,227,

111111111ιὶ11. 227. 397.
Ν1λ1111111.4.17
1111111111 111, 497,
1111161111 111, 771.
11441411,69
1111111171111111. 776.
1111111111.“401,
1119111111 aiii. 231.
1114111411 111121,
111191111786.
1114111111.747,11.189.
11141111 111. 87.
1111111144 iii. 761. 482.
11111411111,177.
1111191ζ11114Ι 11. 261.

1114191111111111.468.

1111419ιὺ144.. iii. 727.
1114911111“111.477,
1111 11. 776.

 

