41114.111144’

11118111111.’44.
1188111444181111 iv, 414.
Καθνφαᾞηυ 11. 197.
Κι81φ1111171111111. 263
11118114111111111. 467. 11. 160. 446.
1111114447 iv. 444.

11111111 111. 498.
11111α111117111111. 498. 4

Kampsa iv. 233.
1141711414. 111. 4ο1.

ΜΨ Ν· ¹39·
1111178 111. 4.
1111811484. ¹
1111116811 11.498.
11111111 111. 494. 11. 484.
814111118ιῖ44 111. 42.
8111411111ὕά.
1141118111 iv. 448.
11411111 111.·179.
1111114711 111. 447.
114144771846111. 469
1111114ςί11.442.
1141711874Ι 111. 478.
11464871111“ 111. 44.

1441191141 11111
1111111414 11. 48.

1111111711. 23.
11114111 11.·147.
11411441 111. 444.
111114414111. 448. 11. 116. 484.
114881711441 ..iii 448.
8118411491 1113-
1111441111479.

1111111111. 19.
11118771 1141.
11111111 11.18. 144.
1117111111. 111. ⁸330
1111 7187164141 111. 6408.
1111111714117111140611164.
11171111 111. 446.
11111711117171111. 124
K‘ra 11411 1111. 210,
1141417711 111.- ,4844
1111111 771411 111. 4341
1141111 111. 66.

1141811711 11. 49.
1111181717 11. 20.
· 1111181111. 79.

11811141 118128.
xm... 11.120.
1111111111444.

Ka'mm i 111.
1111111711 111. 414.

4118117711· 11·
11888811 1878811441

1111714111 11. 144
1147141111 iv. 166. 4991

111714111414 iv. 114.
1114118111111446. 11 114.
11410411 111. 414. .
1111111111 11. 76. 466.
114144741111411111486.
11174117114111. 275.

Κατ’ 111. 466.

Kar& 811418. 114
11414814471141“111..4ο4.
8888886
111188ζ1111118111 431349 11. 448.
114τᾶ147144 11.4.40
Κατακαχςῦσυ aiii. 287. ,
114114117778117111. 311.
11114111 11χ711411111 111. 410.
1111141111447 iv. 8.
11111114φαῖ84 111 414.
1144411ιῶ41 iv. 8. 260.
1141111114 111464..
1111111πῆ4111 111. 441.
1111141111111484
1111111141171111 111. 441.1

114111171ξ11114144114Ι μ

11811811171111. 141.

11411171 <paq 1111441.
1141184416. 11. 301.

, 8144147741 1111. 286.

xm... 11111111·
1111141111χ111

 

